test/data/igsg1570.18i
     1.0            IONOSPHERE MAPS     MIX                 IONEX VERSION / TYPE
cmpcmb v1.2          GRL/UWM            22-jun-18 17:59     PGM / RUN BY / DATE 
ionex file containing IGS COMBINED Ionosphere maps          COMMENT             
global ionosphere maps for day 157, 2018                    DESCRIPTION         
IONEX file containing the COMBINED IGS TEC MAPS and DCBs    DESCRIPTION         
      IONEX files of the following IAACs were combined: cod DESCRIPTION         
                                                        jpl DESCRIPTION         
Contact address: Andrzej Krankowski                         DESCRIPTION
                 Geodynamics Research Laboratory            DESCRIPTION
                 University of Warmia and Mazury (GRL/UWM)  DESCRIPTION
                 Oczapowski St. 1                           DESCRIPTION
                 10-957-Olsztyn, POLAND                     DESCRIPTION
                 e-mail:  kand@uwm.edu.pl                   DESCRIPTION
                                                            DESCRIPTION         
  2018     6     6     0     0     0                        EPOCH OF FIRST MAP  
  2018     6     7     0     0     0                        EPOCH OF LAST MAP   
  7200                                                      INTERVAL            
    13                                                      # OF MAPS IN FILE   
  COSZ                                                      MAPPING FUNCTION    
     0.0                                                    ELEVATION CUTOFF    
combined TEC calculated as weighted mean of input TEC valuesOBSERVABLES USED    
   343                                                      # OF STATIONS       
    32                                                      # OF SATELLITES     
  6371.0                                                    BASE RADIUS         
     2                                                      MAP DIMENSION       
   450.0 450.0   0.0                                        HGT1 / HGT2 / DHGT  
    87.5 -87.5  -2.5                                        LAT1 / LAT2 / DLAT  
  -180.0 180.0   5.0                                        LON1 / LON2 / DLON  
    -1                                                      EXPONENT            
TEC values in 0.1 tec units;  9999, if no value available   COMMENT             
DCB values in nanoseconds, reference is Sum_of_SatDCBs = 0  COMMENT             
                                                            END OF HEADER       
[from data line 3003]
     8                                                      START OF TEC MAP    
  2018     6     6    14     0     0                        EPOCH OF CURRENT MAP
    87.5-180.0 180.0   5.0 450.0                            LAT/LON1/LON2/DLON/H
   99  100  100  100  100  101  101  101  102  102  103  103  103  103  104  104
  104  104  104  104  104  105  105  105  105  104  104  104  104  104  103  103
  103  103  102  102  101  101  101  101  100  100  100   99   99   99   99   99
   99   98   98   98   98   98   98   97   97   97   97   97   97   97   97   97
   97   97   98   98   98   98   99   99   99
    85.0-180.0 180.0   5.0 450.0                            LAT/LON1/LON2/DLON/H
   95   96   97   98   98   99  100  101  102  103  103  104  104  105  106  106
  106  107  107  107  107  107  107  106  106  106  106  105  105  104  104  103
  103  102  102  101  100  100   99   99   98   98   98   97   97   97   96   96
   96   96   95   95   94   94   94   94   94   93   93   93   93   93   93   92
   92   93   93   93   93   94   94   95   95
    82.5-180.0 180.0   5.0 450.0                            LAT/LON1/LON2/DLON/H
   90   91   92   93   95   96   97   99  100  101  103  104  105  106  107  107
  108  108  108  108  108  108  108  107  107  106  106  105  105  104  103  102
  101  100   99   99   98   97   97   96   95   94   94   94   94   94   93   93
   93   93   93   92   92   92   91   91   91   90   90   89   89   89   88   88
   88   88   87   87   88   88   89   89   90
    80.0-180.0 180.0   5.0 450.0                            LAT/LON1/LON2/DLON/H
   84   85   86   88   90   92   94   96   97  100  101  103  104  105  106  107
  108  108  108  108  108  107  107  107  106  105  104  104  103  102  101  100
   99   98   97   96   95   94   93   92   92   91   91   91   91   91   90   91
   90   91   90   90   90   90   90   90   89   88   87   87   86   85   85   84
   83   82   82   82   81   82   82   83   84
    77.5-180.0 180.0   5.0 450.0                            LAT/LON1/LON2/DLON/H
   78   79   81   83   85   87   89   92   94   96   98  100  102  103  104  105
  106  107  107  107  106  106  105  104  103  103  102  101  100  100   99   98
   97   96   95   94   92   91   90   90   89   88   88   88   88   88   88   89
   89   90   90   90   90   90   89   89   88   87   86   85   84   83   82   81
   80   79   77   77   76   76   77   77   78
    75.0-180.0 180.0   5.0 450.0                            LAT/LON1/LON2/DLON/H
   73   74   76   79   80   83   85   87   90   93   95   97   99  100  102  103
  104  104  104  104  104  103  102  101  100   99   99   98   97   97   97   96
   95   94   93   92   91   89   88   87   85   85   85   85   85   86   87   88
   89   89   90   90   90   89   89   88   88   87   86   85   83   82   81   79
   78   76   75   73   72   72   71   72   73
    72.5-180.0 180.0   5.0 450.0                            LAT/LON1/LON2/DLON/H
   70   72   74   75   77   79   82   84   86   88   90   93   95   96   98   99
  100  100  101  100  100   99   99   97   96   95   95   94   94   94   94   94
   94   93   93   91   90   87   86   84   83   82   82   83   84   85   87   88
   89   90   90   90   90   89   89   89   88   87   86   85   84   83   81   80
   77   75   73   72   69   69   68   69   70
    70.0-180.0 180.0   5.0 450.0                            LAT/LON1/LON2/DLON/H
   69   71   72   74   75   77   79   80   82   84   87   89   91   93   94   95
   96   96   97   97   97   96   95   94   93   92   91   91   91   91   92   92
   93   93   92   91   89   86   85   83   82   81   82   83   84   86   87   88
   89   90   90   90   90   89   89   88   87   87   87   86   85   84   83   81
   78   75   73   71   69   67   67   67   69
    67.5-180.0 180.0   5.0 450.0                            LAT/LON1/LON2/DLON/H
   69   71   72   74   75   76   77   77   79   81   83   85   87   89   90   92
   92   93   93   93   94   93   92   91   90   89   88   88   88   89   90   91
   92   92   91   90   88   86   84   82   81   81   82   83   85   87   88   89
   90   90   90   89   89   88   88   88   88   87   87   87   87   86   84   83
   80   77   74   71   68   67   67   67   69
    65.0-180.0 180.0   5.0 450.0                            LAT/LON1/LON2/DLON/H
   70   72   74   75   75   75   75   75   77   78   80   82   84   86   87   88
   89   90   90   90   91   90   90   89   88   86   86   85   86   87   89   91
   91   91   91   89   88   86   83   82   82   82   83   85   86   88   89   90
   90   89   89   88   87   87   87   87   87   88   89   89   89   88   87   85
   82   78   74   71   68   67   67   68   70
    62.5-180.0 180.0   5.0 450.0                            LAT/LON1/LON2/DLON/H
   70   73   75   75   75   74   74   74   75   76   78   80   81   83   84   86
   86   87   87   88   88   88   88   87   87   85   85   84   85   86   88   90
   91   92   91   90   88   86   84   84   84   84   86   87   89   90   90   90
   89   88   87   86   86   85   86   87   88   89   90   91   92   91   89   87
   83   79   74   70   67   66   67   68   70
    60.0-180.0 180.0   5.0 450.0                            LAT/LON1/LON2/DLON/H
   70   73   74   75   75   74   73   73   74   75   77   78   80   82   83   84
   85   86   86   87   86   86   86   86   86   85   84   84   85   87   89   91
   92   93   92   90   89   87   86   86   87   88   90   91   92   92   91   89
   88   87   85   85   84   85   85   87   89   91   92   93   93   93   91   89
   84   79   74   70   67   65   66   67   70
    57.5-180.0 180.0   5.0 450.0                            LAT/LON1/LON2/DLON/H
   68   71   73   75   74   74   74   74   74   75   77   78   79   81   83   84
   85   86   86   86   85   85   85   86   86   86   86   86   87   89   91   93
   94   94   94   92   91   90   89   90   91   93   95   96   96   94   92   90
   87   86   84   83   84   84   86   88   90   93   95   96   96   96   93   90
   85   79   73   68   65   64   64   65   68
    55.0-180.0 180.0   5.0 450.0                            LAT/LON1/LON2/DLON/H
   66   69   71   73   74   75   75   75   76   77   78   79   80   81   83   84
   86   86   86   85   85   85   86   87   88   88   89   89   91   93   95   97
   97   98   97   95   94   93   93   95   97   99  101  101  100   97   93   90
   88   86   85   85   85   87   88   91   93   96   98   99   98   97   94   90
   85   79   73   68   64   62   62   63   66
    52.5-180.0 180.0   5.0 450.0                            LAT/LON1/LON2/DLON/H
   64   67   69   72   75   77   78   79   79   80   81   81   82   83   84   85
   86   87   87   86   85   86   86   88   90   92   93   94   95   97   99  101
  102  102  101  100   99   98   99  100  102  105  106  106  104  100   95   92
   89   88   88   88   89   90   92   95   97   99  101  101  100   98   94   90
   84   78   72   67   63   61   60   61   64
    50.0-180.0 180.0   5.0 450.0                            LAT/LON1/LON2/DLON/H
   63   66   69   72   76   79   81   83   84   84   85   85   85   85   86   87
   88   88   88   88   87   88   89   91   94   97   98  100  101  103  104  106
  106  106  105  105  105  104  105  107  109  111  111  110  107  102   97   94
   93   92   93   93   94   96   97   99  102  103  104  103  102   98   95   90
   85   80   74   69   64   62   61   61   63
    47.5-180.0 180.0   5.0 450.0                            LAT/LON1/LON2/DLON/H
   64   66   70   73   78   83   86   88   89   90   90   89   89   88   88   88
   89   90   91   91   91   92   93   96   99  102  104  105  107  108  110  111
  112  112  111  111  112  112  113  115  116  116  116  113  109  104  100   98
   97   98   99  100  100  101  103  105  106  107  107  105  102   99   95   91
   86   81   76   71   67   65   63   63   64
    45.0-180.0 180.0   5.0 450.0                            LAT/LON1/LON2/DLON/H
   66   67   70   75   80   85   90   93   95   95   96   95   93   92   91   90
   91   93   95   96   97   98   99  102  106  109  110  111  113  114  115  116
  116  117  117  119  121  121  122  123  122  121  119  116  111  107  104  102
  103  104  105  107  107  108  109  110  111  110  109  106  102   99   95   91
   87   83   79   75   71   69   67   66   66
    42.5-180.0 180.0   5.0 450.0                            LAT/LON1/LON2/DLON/H
   69   69   71   76   81   87   92   96   99  100  101  100   99   97   94   93
   94   97  100  102  104  105  107  110  113  115  117  117  118  119  120  120
  121  122  125  127  130  131  132  131  130  127  124  120  115  111  109  108
  109  111  111  112  113  114  115  115  114  113  110  106  103   99   95   92
   88   85   81   78   75   73   71   70   69
    40.0-180.0 180.0   5.0 450.0                            LAT/LON1/LON2/DLON/H
   72   70   72   75   80   86   92   97  101  103  105  104  104  102   99   97
   98  101  106  109  112  113  115  117  119  121  122  122  123  123  123  124
  126  128  131  136  140  142  142  141  138  135  131  127  122  118  116  116
  117  117  117  118  118  119  119  119  118  115  111  107  103   99   96   93
   89   86   82   79   78   76   74   73   72
    37.5-180.0 180.0   5.0 450.0                            LAT/LON1/LON2/DLON/H
   73   71   71   72   77   83   89   95   99  103  106  108  108  107  104  102
  103  107  112  116  119  122  122  123  124  125  125  126  126  126  127  128
  130  133  138  145  151  154  155  153  151  147  143  138  133  130  127  125
  125  124  123  123  123  125  125  124  121  117  112  106  103  100   96   93
   90   86   82   79   77   76   75   75   73
    35.0-180.0 180.0   5.0 450.0                            LAT/LON1/LON2/DLON/H
   73   70   68   69   72   77   83   89   95  100  106  110  112  113  111  109
  110  113  119  123  126  128  128  127  127  127  127  128  129  129  130  131
  135  140  147  155  162  167  168  167  164  162  158  154  150  145  141  138
  135  131  128  128  129  130  131  129  125  118  112  107  103  100   98   95
   90   86   81   78   75   75   75   75   73
    32.5-180.0 180.0   5.0 450.0                            LAT/LON1/LON2/DLON/H
   71   69   66   65   66   70   75   81   88   95  103  110  115  117  118  117
  118  121  124  129  130  131  130  128  126  126  127  128  130  131  133  136
  141  147  156  166  175  181  182  182  181  180  178  174  170  163  157  151
  145  139  136  134  135  138  139  135  128  119  112  107  104  101   98   94
   89   84   78   74   72   72   72   73   71
    30.0-180.0 180.0   5.0 450.0                            LAT/LON1/LON2/DLON/H
   70   67   64   61   61   63   67   73   79   89   98  108  116  122  125  126
  126  128  130  132  133  132  128  126  123  124  126  129  131  133  136  141
  147  156  166  178  188  195  197  197  198  199  198  195  190  183  175  167
  158  149  143  141  143  146  146  140  131  119  111  106  104  102   99   94
   89   82   76   70   67   67   69   70   70
    27.5-180.0 180.0   5.0 450.0                            LAT/LON1/LON2/DLON/H
   68   65   61   58   57   58   60   65   72   81   93  105  116  125  132  134
  134  134  134  134  132  130  126  121  120  121  124  129  133  137  142  148
  156  167  179  191  202  208  210  211  214  216  217  215  210  202  193  183
  171  160  152  150  151  153  152  144  131  118  109  105  103  101   98   93
   87   79   72   66   63   62   64   66   68
    25.0-180.0 180.0   5.0 450.0                            LAT/LON1/LON2/DLON/H
   65   65   61   58   55   55   56   59   65   74   86  100  115  128  137  142
  141  139  136  134  131  127  122  118  116  119  125  131  137  143  150  158
  168  179  193  205  216  221  222  223  226  230  232  230  225  217  207  197
  184  171  162  158  159  160  156  146  129  115  106  102  101   99   96   91
   84   77   69   63   59   59   61   64   65
    22.5-180.0 180.0   5.0 450.0                            LAT/LON1/LON2/DLON/H
   65   65   63   59   56   55   55   58   62   69   81   96  113  128  141  146
  146  142  137  133  129  124  119  115  115  120  128  137  145  152  160  170
  181  193  206  218  228  231  231  232  234  238  240  240  235  228  218  208
  195  180  170  166  164  163  156  143  125  110  102   99   98   96   92   88
   81   74   67   61   57   56   58   62   65
    20.0-180.0 180.0   5.0 450.0                            LAT/LON1/LON2/DLON/H
   65   66   65   63   60   58   57   58   61   68   78   92  110  128  141  149
  149  145  139  133  128  124  119  116  118  125  136  145  155  164  173  183
  194  207  220  230  237  238  236  235  237  240  243  244  240  233  225  215
  202  188  177  171  168  163  153  137  118  103   96   94   93   92   88   84
   77   72   66   61   57   55   57   61   65
    17.5-180.0 180.0   5.0 450.0                            LAT/LON1/LON2/DLON/H
   64   67   67   66   63   62   62   62   64   68   76   89  107  126  141  150
  150  145  139  133  129  126  121  120  125  134  146  157  167  177  187  196
  207  219  230  238  243  243  239  235  236  238  242  243  241  235  227  217
  205  192  182  175  169  160  145  128  110   96   90   88   88   86   83   78
   74   70   66   62   58   56   58   61   64
    15.0-180.0 180.0   5.0 450.0                            LAT/LON1/LON2/DLON/H
   64   66   67   67   66   65   65   66   67   69   75   87  103  122  138  149
  150  146  140  135  132  130  127  128  134  146  157  169  180  190  199  208
  218  228  237  243  246  244  239  235  234  235  237  240  238  232  225  216
  205  193  184  176  167  154  136  117  100   89   84   83   82   81   78   74
   71   68   66   63   60   58   60   62   64
    12.5-180.0 180.0   5.0 450.0                            LAT/LON1/LON2/DLON/H
   63   65   66   66   65   66   67   68   69   71   75   85   99  118  135  146
  149  147  142  138  137  136  135  138  146  158  170  181  191  200  210  218
  225  233  239  244  246  244  239  234  231  231  233  235  232  228  220  210
  200  190  183  175  163  146  127  108   91   83   79   78   77   76   74   71
   67   67   66   65   63   61   62   63   63
    10.0-180.0 180.0   5.0 450.0                            LAT/LON1/LON2/DLON/H
   62   61   61   61   62   63   65   66   69   69   73   82   95  113  131  144
  148  147  144  143  143  144  145  150  159  171  181  190  199  208  216  223
  229  234  238  241  244  243  239  235  231  229  229  229  226  221  212  201
  191  184  178  170  157  139  118   99   85   78   75   74   73   72   71   67
   65   65   66   65   65   63   63   63   62
     7.5-180.0 180.0   5.0 450.0                            LAT/LON1/LON2/DLON/H
   60   57   56   56   56   57   59   62   64   66   70   78   91  109  127  141
  148  148  148  148  150  153  156  162  171  181  190  197  205  212  220  224
  228  229  231  235  239  241  240  237  233  228  224  223  219  212  202  191
  181  175  170  162  149  130  110   92   81   74   71   70   69   70   68   65
   63   63   64   65   65   65   64   63   60
     5.0-180.0 180.0   5.0 450.0                            LAT/LON1/LON2/DLON/H
   58   53   51   50   49   49   51   54   57   60   64   73   86  104  123  138
  147  150  151  153  157  161  166  173  181  190  197  202  208  214  218  221
  222  221  221  225  231  238  240  239  233  225  220  215  210  203  192  179
  169  163  159  152  139  121  103   87   76   71   68   66   66   68   67   65
   63   62   62   63   64   64   64   63   58
     2.5-180.0 180.0   5.0 450.0                            LAT/LON1/LON2/DLON/H
   56   51   47   45   43   42   43   45   49   53   58   66   80   99  119  135
  145  150  154  157  162  167  174  182  190  197  201  203  207  211  214  214
  212  208  208  212  222  231  236  236  229  220  212  205  199  190  178  166
  155  150  146  139  127  113   96   82   72   67   64   63   63   66   67   65
   63   61   60   61   62   63   63   61   56
