test/data/igsg1570.18i
     1.0            IONOSPHERE MAPS     MIX                 IONEX VERSION / TYPE
cmpcmb v1.2          GRL/UWM            22-jun-18 17:59     PGM / RUN BY / DATE 
ionex file containing IGS COMBINED Ionosphere maps          COMMENT             
global ionosphere maps for day 157, 2018                    DESCRIPTION         
IONEX file containing the COMBINED IGS TEC MAPS and DCBs    DESCRIPTION         
      IONEX files of the following IAACs were combined: cod DESCRIPTION         
                                                        jpl DESCRIPTION         
Contact address: Andrzej Krankowski                         DESCRIPTION
                 Geodynamics Research Laboratory            DESCRIPTION
                 University of Warmia and Mazury (GRL/UWM)  DESCRIPTION
                 Oczapowski St. 1                           DESCRIPTION
                 10-957-Olsztyn, POLAND                     DESCRIPTION
                 e-mail:  kand@uwm.edu.pl                   DESCRIPTION
                                                            DESCRIPTION         
  2018     6     6     0     0     0                        EPOCH OF FIRST MAP  
  2018     6     7     0     0     0                        EPOCH OF LAST MAP   
  7200                                                      INTERVAL            
    13                                                      # OF MAPS IN FILE   
  COSZ                                                      MAPPING FUNCTION    
     0.0                                                    ELEVATION CUTOFF    
combined TEC calculated as weighted mean of input TEC valuesOBSERVABLES USED    
   343                                                      # OF STATIONS       
    32                                                      # OF SATELLITES     
  6371.0                                                    BASE RADIUS         
     2                                                      MAP DIMENSION       
   450.0 450.0   0.0                                        HGT1 / HGT2 / DHGT  
    87.5 -87.5  -2.5                                        LAT1 / LAT2 / DLAT  
  -180.0 180.0   5.0                                        LON1 / LON2 / DLON  
    -1                                                      EXPONENT            
TEC values in 0.1 tec units;  9999, if no value available   COMMENT             
DCB values in nanoseconds, reference is Sum_of_SatDCBs = 0  COMMENT             
                                                            END OF HEADER       
[from data line 4290]
    11                                                      START OF TEC MAP    
  2018     6     6    20     0     0                        EPOCH OF CURRENT MAP
    87.5-180.0 180.0   5.0 450.0                            LAT/LON1/LON2/DLON/H
   73   74   75   75   76   77   77   78   78   79   80   80   81   81   82   82
   82   83   83   83   83   83   83   83   83   82   82   82   81   81   80   79
   79   78   78   77   76   76   75   74   74   73   72   72   71   71   70   70
   70   69   69   69   68   68   68   68   68   68   68   68   68   68   69   69
   69   69   70   70   71   71   72   72   73
    85.0-180.0 180.0   5.0 450.0                            LAT/LON1/LON2/DLON/H
   73   74   75   76   78   79   80   81   82   84   85   87   88   89   90   91
   91   92   92   93   93   92   92   92   92   91   91   90   89   88   87   86
   84   83   82   81   80   78   77   76   75   74   73   72   71   70   69   68
   67   67   67   66   66   65   65   65   65   65   65   65   66   66   66   66
   67   67   68   68   69   70   71   72   73
    82.5-180.0 180.0   5.0 450.0                            LAT/LON1/LON2/DLON/H
   74   75   77   78   80   82   83   85   87   89   91   93   94   96   97   98
   99  100  101  101  101  101  101  101  100   99   98   97   96   94   93   91
   90   88   87   85   83   82   80   78   77   76   74   73   72   71   69   68
   68   67   67   66   66   66   66   66   66   66   66   66   66   66   66   66
   67   67   68   69   69   70   71   72   74
    80.0-180.0 180.0   5.0 450.0                            LAT/LON1/LON2/DLON/H
   74   76   78   80   82   84   86   89   91   93   96   98  100  102  104  105
  106  107  108  108  108  108  107  107  106  104  103  102  100   99   98   95
   94   92   90   89   87   85   83   82   80   78   76   75   74   73   72   71
   71   70   70   70   71   70   70   70   70   70   70   70   69   69   69   69
   69   69   69   70   70   71   72   73   74
    77.5-180.0 180.0   5.0 450.0                            LAT/LON1/LON2/DLON/H
   76   77   79   81   84   86   89   91   94   97  100  102  104  107  109  110
  111  112  112  113  113  112  111  110  109  107  105  104  102  100   99   97
   95   94   93   91   89   88   86   84   82   81   79   78   76   76   76   76
   75   75   76   76   76   76   76   76   76   75   75   75   74   73   73   73
   72   72   72   72   72   73   73   74   76
    75.0-180.0 180.0   5.0 450.0                            LAT/LON1/LON2/DLON/H
   78   79   81   83   86   89   92   95   98  102  105  108  110  112  113  114
  115  115  115  115  114  114  112  111  109  106  105  103  101   99   98   96
   95   94   93   92   91   89   88   86   84   83   82   81   80   80   80   80
   80   81   82   82   82   83   83   82   82   82   81   80   79   78   77   77
   75   75   74   74   75   74   75   76   78
    72.5-180.0 180.0   5.0 450.0                            LAT/LON1/LON2/DLON/H
   80   82   84   86   89   93   96  100  104  108  111  114  116  118  118  118
  118  117  117  116  115  114  112  110  108  105  102  100   98   96   95   94
   93   93   92   92   91   90   89   87   86   84   83   82   82   82   83   83
   84   85   86   86   87   87   87   87   86   85   84   83   82   81   80   79
   78   78   77   77   77   77   78   79   80
    70.0-180.0 180.0   5.0 450.0                            LAT/LON1/LON2/DLON/H
   84   86   89   92   94   98  102  106  110  115  119  122  123  124  123  122
  120  119  118  117  116  114  112  109  107  103  100   97   95   93   92   91
   91   91   90   90   90   89   88   87   85   84   83   83   83   84   84   85
   86   87   87   88   88   88   88   87   86   86   85   84   83   82   81   81
   80   80   80   80   80   80   81   83   84
    67.5-180.0 180.0   5.0 450.0                            LAT/LON1/LON2/DLON/H
   90   92   95   98  101  105  109  114  119  124  128  130  131  130  128  125
  123  121  120  119  117  115  113  110  106  102   99   96   93   91   90   89
   89   89   89   89   88   88   86   86   85   83   83   83   83   83   84   84
   85   85   85   85   85   84   83   83   82   81   82   82   82   82   81   81
   81   81   81   82   82   84   86   88   90
    65.0-180.0 180.0   5.0 450.0                            LAT/LON1/LON2/DLON/H
   97  100  103  106  110  113  117  122  127  132  137  138  138  137  134  130
  127  124  123  121  120  118  115  111  108  104  101   97   94   92   90   89
   89   88   88   88   87   87   85   85   84   83   83   82   82   82   82   82
   82   81   80   79   77   76   74   73   73   74   75   76   78   79   80   81
   81   82   82   83   85   88   91   94   97
    62.5-180.0 180.0   5.0 450.0                            LAT/LON1/LON2/DLON/H
  103  107  112  115  118  122  126  130  135  140  144  145  145  142  138  134
  131  129  127  125  123  121  118  115  112  108  105  101   98   95   93   92
   91   90   89   89   88   87   86   85   84   84   83   83   82   81   80   78
   76   74   72   69   67   65   62   62   63   64   66   70   73   75   78   80
   81   82   83   85   87   91   94   99  103
    60.0-180.0 180.0   5.0 450.0                            LAT/LON1/LON2/DLON/H
  109  115  120  124  128  131  134  138  142  145  148  149  149  146  143  138
  135  133  130  129  127  125  122  119  117  113  110  107  104  102  100   98
   96   94   93   92   90   89   88   88   87   86   85   84   83   80   78   74
   70   66   63   59   56   54   52   52   54   56   60   64   68   72   76   78
   81   82   84   85   88   93   98  104  109
    57.5-180.0 180.0   5.0 450.0                            LAT/LON1/LON2/DLON/H
  114  121  127  132  137  140  142  145  147  150  151  151  150  148  145  141
  138  136  134  132  130  127  125  124  121  119  117  114  112  110  107  105
  103  101   98   97   95   94   93   93   92   91   89   87   84   81   76   70
   65   60   55   51   48   46   44   45   47   50   55   61   65   70   74   78
   80   82   84   86   90   95  100  107  114
    55.0-180.0 180.0   5.0 450.0                            LAT/LON1/LON2/DLON/H
  118  126  133  140  146  149  152  152  153  152  151  150  149  147  145  143
  141  139  136  133  131  130  129  128  127  126  124  122  120  118  115  113
  111  108  105  103  102  101  101  100   99   98   95   92   87   81   75   68
   62   55   51   47   44   42   43   44   46   50   55   60   64   70   74   77
   81   83   85   87   90   95  102  110  118
    52.5-180.0 180.0   5.0 450.0                            LAT/LON1/LON2/DLON/H
  121  130  139  147  154  159  161  161  159  156  152  149  147  145  144  144
  142  140  137  134  132  131  131  132  132  132  131  130  128  126  124  121
  119  116  114  111  110  110  111  110  108  105  102   97   91   83   75   67
   60   54   50   47   46   45   46   48   51   54   58   62   66   70   75   78
   82   85   87   89   93   98  105  113  121
    50.0-180.0 180.0   5.0 450.0                            LAT/LON1/LON2/DLON/H
  125  134  144  154  163  170  172  171  166  161  154  148  145  143  143  143
  143  140  138  135  132  132  133  135  137  138  138  137  135  133  131  129
  127  125  122  121  121  122  122  121  118  113  108  101   93   85   76   68
   61   57   52   51   51   52   54   57   60   62   64   67   69   71   76   80
   84   88   91   94   97  102  109  116  125
    47.5-180.0 180.0   5.0 450.0                            LAT/LON1/LON2/DLON/H
  129  139  149  161  172  180  183  182  176  167  157  149  144  143  143  143
  143  142  139  135  133  133  136  140  143  145  144  143  141  139  138  136
  135  134  132  133  134  134  134  131  127  120  112  104   95   87   78   70
   65   60   58   58   58   60   63   67   69   71   72   72   72   73   77   82
   87   92   96  100  103  108  114  121  129
    45.0-180.0 180.0   5.0 450.0                            LAT/LON1/LON2/DLON/H
  134  143  154  166  178  188  192  192  185  175  163  153  148  146  145  146
  146  144  141  137  135  136  140  145  149  151  152  150  147  145  144  144
  144  143  144  145  147  147  146  142  134  125  115  106   97   89   81   74
   69   66   65   65   67   69   73   76   78   78   77   76   74   75   78   83
   90   96  102  106  111  115  121  127  134
    42.5-180.0 180.0   5.0 450.0                            LAT/LON1/LON2/DLON/H
  141  149  158  170  182  192  199  200  194  184  171  161  154  152  151  151
  150  148  144  140  139  140  145  152  157  160  159  156  154  152  151  152
  153  155  157  159  160  160  157  151  141  129  117  107   99   92   85   80
   75   72   71   72   73   76   79   81   83   83   81   79   76   75   78   84
   92  100  108  113  119  123  128  134  141
    40.0-180.0 180.0   5.0 450.0                            LAT/LON1/LON2/DLON/H
  147  154  163  173  184  195  202  205  201  192  182  171  165  161  160  159
  157  153  150  146  144  146  152  159  166  169  168  165  162  160  160  162
  165  168  170  173  174  173  168  158  146  132  119  109  102   96   90   85
   81   78   76   76   78   79   81   83   84   84   82   79   76   75   77   84
   93  103  111  119  125  130  136  142  147
    37.5-180.0 180.0   5.0 450.0                            LAT/LON1/LON2/DLON/H
  155  161  168  175  185  194  202  207  206  201  193  185  179  175  171  168
  164  160  155  152  150  152  158  166  175  178  178  175  172  170  171  174
  177  181  184  186  187  184  177  165  150  136  123  113  106  101   96   91
   86   83   80   79   79   79   80   82   82   83   81   79   76   75   76   82
   92  103  114  122  129  136  143  149  155
    35.0-180.0 180.0   5.0 450.0                            LAT/LON1/LON2/DLON/H
  162  168  173  179  187  194  202  207  210  208  204  199  195  190  185  179
  174  168  162  157  155  158  165  174  184  189  190  187  185  183  184  187
  191  194  197  198  197  192  182  169  153  139  126  117  111  106  101   95
   90   85   81   79   78   78   78   78   79   78   79   77   75   74   76   81
   91  102  113  123  132  140  147  155  162
    32.5-180.0 180.0   5.0 450.0                            LAT/LON1/LON2/DLON/H
  168  175  180  185  189  195  201  207  211  213  214  213  211  206  199  191
  183  175  169  162  160  162  170  182  193  201  203  202  200  198  199  202
  204  206  207  207  204  196  185  170  154  140  129  121  115  110  104   98
   91   85   80   78   76   75   74   73   73   74   75   75   75   74   75   80
   90  100  111  121  130  140  150  159  168
    30.0-180.0 180.0   5.0 450.0                            LAT/LON1/LON2/DLON/H
  173  181  188  192  195  199  202  206  212  217  221  225  225  221  212  202
  192  182  174  167  164  167  177  190  204  213  217  217  215  213  213  214
  215  215  214  211  205  196  183  167  153  140  130  122  116  110  103   97
   89   82   77   74   73   72   70   69   67   68   71   74   74   74   75   80
   88   97  108  118  128  139  150  162  173
    27.5-180.0 180.0   5.0 450.0                            LAT/LON1/LON2/DLON/H
  176  187  195  200  204  205  206  208  213  220  228  234  237  233  224  212
  200  189  180  172  169  174  184  200  216  227  232  233  230  227  225  224
  223  220  215  210  202  190  176  161  147  136  126  119  112  106   98   91
   84   77   72   70   69   69   67   64   63   63   67   72   74   74   75   79
   86   95  104  114  124  136  149  163  176
    25.0-180.0 180.0   5.0 450.0                            LAT/LON1/LON2/DLON/H
  176  190  201  208  212  213  213  213  216  223  232  241  245  243  234  221
  207  196  186  179  176  182  195  212  229  241  247  246  242  237  234  230
  226  220  213  204  193  181  166  151  137  126  118  110  103   96   89   82
   75   70   66   65   66   66   64   61   58   59   64   69   72   73   74   78
   84   92  101  110  120  133  147  162  176
    22.5-180.0 180.0   5.0 450.0                            LAT/LON1/LON2/DLON/H
  175  190  204  216  222  224  223  222  222  227  236  245  251  250  241  228
  215  202  193  187  187  195  210  228  245  256  260  257  251  244  237  231
  224  216  206  195  183  170  155  139  125  113  103   96   88   82   76   70
   66   61   59   60   62   63   61   57   54   55   60   66   69   71   73   77
   83   91   99  108  117  130  144  160  175
    20.0-180.0 180.0   5.0 450.0                            LAT/LON1/LON2/DLON/H
  173  189  205  220  230  235  234  232  231  234  240  248  254  255  247  235
  221  210  201  198  201  212  229  248  263  271  271  265  256  247  238  230
  220  209  197  185  171  158  142  126  111   98   87   78   72   68   63   59
   55   53   53   55   58   59   58   54   51   52   56   62   66   68   71   74
   81   89   98  106  116  128  142  158  173
    17.5-180.0 180.0   5.0 450.0                            LAT/LON1/LON2/DLON/H
  170  186  204  222  235  243  245  244  241  241  244  251  257  258  252  241
  229  218  212  210  217  231  250  267  280  284  280  271  259  246  235  225
  214  201  187  174  161  147  131  114   98   84   72   63   57   54   51   49
   47   47   47   50   53   55   54   51   48   49   52   57   61   64   67   71
   78   87   96  106  116  128  141  155  170
    15.0-180.0 180.0   5.0 450.0                            LAT/LON1/LON2/DLON/H
  167  183  202  221  236  248  253  254  251  248  248  252  257  259  255  247
  236  226  222  224  233  249  268  284  294  295  286  272  257  243  230  218
  206  192  178  165  152  138  122  105   88   73   61   52   48   45   44   43
   42   42   43   45   48   50   49   47   45   47   50   53   56   59   62   68
   75   85   96  106  117  128  141  153  167
    12.5-180.0 180.0   5.0 450.0                            LAT/LON1/LON2/DLON/H
  166  181  199  218  235  248  256  260  258  253  250  252  255  259  256  250
  241  234  232  235  247  263  282  297  303  299  287  271  254  238  223  210
  196  184  170  157  144  131  116  100   83   69   58   50   45   43   41   40
   40   39   39   41   43   44   44   44   44   45   47   50   52   55   58   63
   72   83   95  106  117  129  141  153  166
    10.0-180.0 180.0   5.0 450.0                            LAT/LON1/LON2/DLON/H
  166  181  197  215  231  245  255  262  262  256  250  249  253  257  256  252
  245  240  240  245  255  272  289  302  304  297  283  266  248  232  216  201
  187  174  161  149  137  125  111   97   83   71   61   54   49   45   42   41
   39   38   37   37   39   40   40   41   42   45   46   47   49   51   54   59
   68   79   92  105  117  130  142  154  166
     7.5-180.0 180.0   5.0 450.0                            LAT/LON1/LON2/DLON/H
  168  183  198  214  227  239  251  259  261  255  248  246  249  253  254  252
  247  244  245  250  260  273  287  297  298  289  274  258  241  223  206  191
  176  163  151  140  130  119  108   97   86   77   69   62   55   50   46   43
   40   38   36   35   35   36   38   40   43   44   45   46   47   49   52   55
   63   75   88  102  115  129  142  155  168
     5.0-180.0 180.0   5.0 450.0                            LAT/LON1/LON2/DLON/H
  171  186  203  216  227  236  245  254  257  253  246  243  244  248  250  249
  247  246  247  251  258  268  279  286  285  275  262  247  231  213  196  180
  164  150  140  130  122  114  105   97   90   84   78   71   63   55   51   46
   42   39   35   34   33   35   37   40   43   44   44   45   47   48   51   53
   59   70   84   98  113  127  141  155  171
     2.5-180.0 180.0   5.0 450.0                            LAT/LON1/LON2/DLON/H
  174  193  210  223  231  235  243  250  254  250  244  239  240  243  246  246
  245  245  246  249  253  259  266  270  268  259  247  234  220  202  185  167
  150  137  127  119  112  106  101   96   92   89   83   76   67   60   53   48
   43   39   35   33   33   34   38   41   43   43   43   44   46   48   50   52
   57   67   80   94  109  123  139  155  174
