test/data/igsg1570.18i
     1.0            IONOSPHERE MAPS     MIX                 IONEX VERSION / TYPE
cmpcmb v1.2          GRL/UWM            22-jun-18 17:59     PGM / RUN BY / DATE 
ionex file containing IGS COMBINED Ionosphere maps          COMMENT             
global ionosphere maps for day 157, 2018                    DESCRIPTION         
IONEX file containing the COMBINED IGS TEC MAPS and DCBs    DESCRIPTION         
      IONEX files of the following IAACs were combined: cod DESCRIPTION         
                                                        jpl DESCRIPTION         
Contact address: Andrzej Krankowski                         DESCRIPTION
                 Geodynamics Research Laboratory            DESCRIPTION
                 University of Warmia and Mazury (GRL/UWM)  DESCRIPTION
                 Oczapowski St. 1                           DESCRIPTION
                 10-957-Olsztyn, POLAND                     DESCRIPTION
                 e-mail:  kand@uwm.edu.pl                   DESCRIPTION
                                                            DESCRIPTION         
  2018     6     6     0     0     0                        EPOCH OF FIRST MAP  
  2018     6     7     0     0     0                        EPOCH OF LAST MAP   
  7200                                                      INTERVAL            
    13                                                      # OF MAPS IN FILE   
  COSZ                                                      MAPPING FUNCTION    
     0.0                                                    ELEVATION CUTOFF    
combined TEC calculated as weighted mean of input TEC valuesOBSERVABLES USED    
   343                                                      # OF STATIONS       
    32                                                      # OF SATELLITES     
  6371.0                                                    BASE RADIUS         
     2                                                      MAP DIMENSION       
   450.0 450.0   0.0                                        HGT1 / HGT2 / DHGT  
    87.5 -87.5  -2.5                                        LAT1 / LAT2 / DLAT  
  -180.0 180.0   5.0                                        LON1 / LON2 / DLON  
    -1                                                      EXPONENT            
TEC values in 0.1 tec units;  9999, if no value available   COMMENT             
DCB values in nanoseconds, reference is Sum_of_SatDCBs = 0  COMMENT             
                                                            END OF HEADER       
[from data line 2574]
     7                                                      START OF TEC MAP    
  2018     6     6    12     0     0                        EPOCH OF CURRENT MAP
    87.5-180.0 180.0   5.0 450.0                            LAT/LON1/LON2/DLON/H
   95   95   95   96   96   96   97   97   97   97   98   98   98   98   98   99
   99   99   99   99   99   99   99   99   99   99   99   98   98   98   98   98
   98   98   98   98   98   97   97   97   97   97   96   96   96   96   95   95
   95   95   95   94   94   94   94   94   94   94   94   93   93   93   93   94
   94   94   94   94   94   94   95   95   95
    85.0-180.0 180.0   5.0 450.0                            LAT/LON1/LON2/DLON/H
   91   92   92   93   93   94   94   95   95   96   96   97   97   98   98   98
   99   99   98   98   99   99   99   98   98   98   98   98   98   97   97   98
   97   97   97   97   97   97   96   96   96   95   95   95   95   94   94   94
   93   92   92   92   91   91   91   91   90   90   90   89   89   89   89   89
   89   89   89   89   90   90   90   91   91
    82.5-180.0 180.0   5.0 450.0                            LAT/LON1/LON2/DLON/H
   86   87   88   88   89   90   91   92   93   94   94   95   96   96   96   96
   97   97   97   97   96   96   96   96   96   96   95   95   95   95   95   95
   95   95   95   95   95   94   94   94   93   93   93   93   93   93   92   91
   91   91   90   90   89   89   88   88   87   87   86   85   85   84   84   84
   83   83   83   84   84   84   85   85   86
    80.0-180.0 180.0   5.0 450.0                            LAT/LON1/LON2/DLON/H
   79   80   81   82   84   86   87   88   89   90   91   92   93   93   93   93
   93   94   94   94   93   93   93   92   92   92   92   91   91   92   92   92
   92   92   92   92   92   92   92   92   92   91   91   91   91   91   90   90
   90   89   89   88   88   87   87   86   85   84   84   83   82   81   80   79
   79   78   78   77   78   78   78   78   79
    77.5-180.0 180.0   5.0 450.0                            LAT/LON1/LON2/DLON/H
   73   74   76   76   78   80   81   83   84   86   87   88   89   89   90   90
   90   90   90   90   90   89   89   88   88   87   87   87   87   87   88   88
   89   89   90   90   90   90   91   90   90   90   90   90   89   89   89   89
   89   89   88   88   87   87   86   86   85   84   83   81   80   79   78   77
   76   74   73   73   72   72   72   73   73
    75.0-180.0 180.0   5.0 450.0                            LAT/LON1/LON2/DLON/H
   68   69   70   71   73   74   76   78   80   82   83   84   85   86   87   87
   87   87   87   87   86   86   85   84   84   83   83   83   83   84   85   85
   86   87   88   89   89   89   89   90   89   89   89   89   89   89   88   89
   88   88   88   88   88   88   88   87   86   85   84   82   81   79   78   76
   74   72   71   70   69   68   68   68   68
    72.5-180.0 180.0   5.0 450.0                            LAT/LON1/LON2/DLON/H
   64   65   66   67   68   70   72   74   76   78   79   81   81   82   83   83
   84   84   83   84   84   83   82   81   81   80   80   80   80   81   82   83
   85   86   87   89   89   90   90   89   90   90   89   89   89   89   88   89
   88   88   88   88   88   88   88   88   87   86   85   84   83   81   79   78
   76   74   71   69   68   66   65   64   64
    70.0-180.0 180.0   5.0 450.0                            LAT/LON1/LON2/DLON/H
   63   63   63   63   64   66   67   69   72   73   74   76   78   78   79   80
   81   81   81   82   81   81   80   80   79   79   79   79   80   81   82   83
   85   86   88   89   90   90   91   90   90   90   90   90   90   89   89   89
   88   88   88   88   88   88   88   88   88   87   87   87   86   84   83   81
   79   76   74   71   69   67   65   64   63
    67.5-180.0 180.0   5.0 450.0                            LAT/LON1/LON2/DLON/H
   64   63   62   61   61   61   63   64   66   68   70   72   74   75   76   78
   79   79   80   80   80   80   79   79   79   79   79   80   81   82   83   85
   86   87   89   90   91   91   91   91   91   91   91   91   91   90   90   89
   88   88   87   87   87   87   87   87   87   88   88   89   89   88   87   85
   83   80   78   74   71   69   67   66   64
    65.0-180.0 180.0   5.0 450.0                            LAT/LON1/LON2/DLON/H
   65   63   61   59   57   57   57   58   61   63   65   68   70   72   74   75
   77   78   79   80   80   80   79   79   79   80   82   83   85   86   87   88
   88   89   90   91   91   92   92   92   92   93   93   93   93   91   91   90
   88   87   86   86   85   84   85   85   86   88   89   90   92   92   92   91
   88   85   82   79   75   73   70   68   65
    62.5-180.0 180.0   5.0 450.0                            LAT/LON1/LON2/DLON/H
   68   64   61   57   55   53   52   53   55   57   60   63   66   68   71   73
   75   77   78   79   79   79   79   80   81   82   85   87   89   90   91   91
   91   91   91   92   91   92   92   93   94   94   95   95   95   93   92   91
   89   88   86   85   83   83   83   83   85   87   89   92   94   97   97   96
   93   90   86   82   79   76   74   71   68
    60.0-180.0 180.0   5.0 450.0                            LAT/LON1/LON2/DLON/H
   70   65   61   57   53   50   48   48   49   52   54   58   61   65   68   71
   73   75   77   78   78   79   79   80   82   84   87   91   93   94   94   95
   93   92   92   91   91   92   93   94   96   97   98   98   98   96   95   93
   91   89   87   85   83   83   82   83   85   87   90   94   98  100  101  100
   97   93   90   86   82   79   76   73   70
    57.5-180.0 180.0   5.0 450.0                            LAT/LON1/LON2/DLON/H
   72   68   63   58   53   49   46   44   45   47   50   53   57   61   65   68
   71   74   76   77   78   78   79   80   83   86   90   94   97   98   98   97
   95   94   92   91   91   93   94   96   98  100  101  101  101  100   97   95
   93   91   89   87   85   84   84   85   87   89   93   97  101  104  104  103
  100   96   91   87   84   81   78   75   72
    55.0-180.0 180.0   5.0 450.0                            LAT/LON1/LON2/DLON/H
   74   71   66   61   55   51   46   44   44   45   47   50   54   57   61   65
   68   71   74   76   77   77   79   81   84   88   92   96   99  101  100   99
   97   94   93   92   92   93   95   98  101  103  105  106  105  104  101   99
   97   95   93   91   90   89   89   89   91   93   97  101  105  107  107  106
  102   97   93   88   85   82   79   77   74
    52.5-180.0 180.0   5.0 450.0                            LAT/LON1/LON2/DLON/H
   76   74   70   66   60   56   51   48   46   46   47   49   51   55   59   63
   67   71   74   76   77   78   79   82   85   89   93   98  101  102  102  100
   98   95   94   93   94   95   98  101  104  107  109  110  109  108  106  104
  102  101   99   98   97   96   96   96   97   99  102  105  108  110  110  107
  103   98   93   89   86   83   80   78   76
    50.0-180.0 180.0   5.0 450.0                            LAT/LON1/LON2/DLON/H
   78   77   75   72   68   62   58   54   52   51   51   51   52   54   57   61
   66   71   74   77   78   80   81   83   87   90   94   99  101  103  103  101
   99   97   95   95   96   99  102  106  109  112  114  115  113  112  111  109
  109  108  107  106  105  105  105  105  105  106  107  110  112  113  112  109
  104   99   94   89   86   83   81   79   78
    47.5-180.0 180.0   5.0 450.0                            LAT/LON1/LON2/DLON/H
   80   79   79   78   75   71   66   63   60   59   57   57   55   55   58   62
   66   72   76   80   82   83   84   86   89   92   96  100  102  103  103  102
  100   99   98   99  101  105  108  112  115  117  119  119  118  118  117  116
  116  116  115  115  115  114  114  114  112  112  112  114  116  115  114  110
  105  100   95   91   88   84   82   81   80
    45.0-180.0 180.0   5.0 450.0                            LAT/LON1/LON2/DLON/H
   82   82   82   83   81   79   75   72   70   68   66   64   61   59   59   63
   68   73   79   83   86   88   89   90   92   95   98  101  103  104  104  104
  103  102  103  105  109  113  117  121  122  123  124  123  124  123  123  124
  125  125  125  124  124  123  124  122  119  117  117  117  117  117  115  111
  107  102   98   93   90   87   84   82   82
    42.5-180.0 180.0   5.0 450.0                            LAT/LON1/LON2/DLON/H
   82   82   84   85   86   84   81   79   78   77   75   72   68   64   63   64
   70   76   82   88   92   94   95   96   97   98  100  103  104  105  106  105
  105  106  109  113  118  124  128  131  132  132  131  130  131  131  132  133
  135  136  135  134  134  133  132  129  125  122  119  119  119  118  116  112
  108  104  100   96   93   90   86   83   82
    40.0-180.0 180.0   5.0 450.0                            LAT/LON1/LON2/DLON/H
   82   82   84   85   86   86   84   83   84   84   83   80   75   70   67   68
   72   78   86   93   98  101  102  101  101  102  104  105  107  108  108  109
  109  112  116  122  130  136  141  144  144  142  141  140  140  141  143  145
  147  148  147  146  144  143  141  137  131  126  121  120  119  119  117  114
  109  106  102   99   96   93   88   85   82
    37.5-180.0 180.0   5.0 450.0                            LAT/LON1/LON2/DLON/H
   81   79   81   83   83   84   83   84   86   87   88   86   82   77   73   72
   75   81   89   97  104  106  107  105  104  105  106  108  109  110  111  112
  114  118  125  133  142  150  156  158  157  155  153  152  152  154  156  159
  161  163  162  160  157  155  152  147  140  132  126  123  122  120  118  115
  111  106  103  101   98   94   90   84   81
    35.0-180.0 180.0   5.0 450.0                            LAT/LON1/LON2/DLON/H
   78   76   76   78   79   79   79   81   83   87   90   90   87   83   78   76
   77   83   90   99  107  110  109  107  106  106  107  110  112  114  116  117
  121  126  134  145  156  166  172  174  173  171  169  168  169  170  172  175
  178  180  180  177  175  172  169  162  152  142  133  128  126  124  120  115
  110  106  103  101   98   94   89   83   78
    32.5-180.0 180.0   5.0 450.0                            LAT/LON1/LON2/DLON/H
   76   73   72   72   73   73   74   76   79   84   89   92   91   88   83   80
   79   83   91  101  108  111  109  106  104  105  107  111  115  118  121  123
  128  135  145  157  169  180  187  190  191  189  188  187  187  188  191  194
  198  201  200  199  196  194  190  181  169  156  144  137  132  128  122  116
  109  104  100   98   96   93   88   82   76
    30.0-180.0 180.0   5.0 450.0                            LAT/LON1/LON2/DLON/H
   74   70   67   67   68   68   68   70   74   79   86   91   93   91   87   82
   81   84   91  100  107  109  106  102  100  102  106  112  117  122  126  130
  135  144  156  169  182  194  202  206  207  207  206  206  207  207  210  214
  219  223  223  222  221  220  215  205  190  174  159  149  141  134  125  116
  106  100   96   94   92   90   86   80   74
    27.5-180.0 180.0   5.0 450.0                            LAT/LON1/LON2/DLON/H
   72   67   64   64   65   65   65   66   69   74   81   88   92   92   89   84
   81   84   90   98  104  105  101   97   95   97  103  111  119  125  131  137
  144  154  167  182  195  207  215  220  222  223  223  223  223  225  229  234
  240  245  246  245  245  245  240  229  212  192  175  161  150  139  128  114
  103   94   90   88   87   86   83   78   72
    25.0-180.0 180.0   5.0 450.0                            LAT/LON1/LON2/DLON/H
   72   67   64   64   64   65   64   63   64   69   75   83   89   91   89   85
   82   83   89   96  101  100   95   90   89   93  101  111  120  129  138  145
  154  165  179  194  207  218  226  231  233  234  234  234  236  239  245  252
  259  264  265  266  265  265  261  249  231  209  189  172  159  144  129  113
  100   90   84   82   82   82   80   76   72
    22.5-180.0 180.0   5.0 450.0                            LAT/LON1/LON2/DLON/H
   71   68   66   66   67   67   66   65   64   66   71   78   85   89   87   84
   82   83   88   94   98   96   90   85   86   91  100  111  123  134  145  155
  165  177  191  205  218  227  234  239  240  240  240  241  244  249  256  265
  273  277  279  277  278  278  274  262  243  221  200  181  164  147  129  111
   96   85   79   77   77   77   77   75   71
    20.0-180.0 180.0   5.0 450.0                            LAT/LON1/LON2/DLON/H
   72   70   69   70   71   71   70   67   65   64   67   73   80   84   84   82
   81   83   88   92   95   92   86   83   84   90  100  113  126  140  152  164
  176  189  203  216  227  235  240  242  241  240  240  242  246  254  263  272
  279  282  282  279  278  279  275  264  247  226  204  183  164  146  126  108
   92   82   75   73   73   74   75   74   72
    17.5-180.0 180.0   5.0 450.0                            LAT/LON1/LON2/DLON/H
   73   71   71   73   75   75   75   72   68   66   66   70   75   80   81   80
   80   82   87   91   92   89   85   83   85   92  103  116  130  146  161  174
  187  200  213  226  235  241  243  243  240  238  237  239  245  254  264  273
  277  278  275  271  270  269  266  257  243  224  202  180  161  141  122  104
   90   79   73   71   71   73   74   74   73
    15.0-180.0 180.0   5.0 450.0                            LAT/LON1/LON2/DLON/H
   73   72   72   74   76   78   78   76   72   68   66   68   72   76   78   77
   78   82   87   91   91   88   85   85   90   98  108  121  136  153  169  184
  196  209  222  233  240  244  245  243  239  235  233  236  242  251  260  266
  268  266  261  257  254  253  251  245  233  216  196  174  153  134  116  101
   88   78   73   71   71   72   74   74   73
    12.5-180.0 180.0   5.0 450.0                            LAT/LON1/LON2/DLON/H
   72   70   70   72   74   78   79   78   74   70   67   68   71   74   75   75
   77   81   86   90   91   89   88   91   97  106  116  128  143  160  177  192
  205  216  228  236  242  245  245  242  237  232  231  232  239  246  253  257
  256  251  244  239  236  235  234  230  221  205  185  164  143  125  109   96
   85   77   73   72   72   73   74   73   72
    10.0-180.0 180.0   5.0 450.0                            LAT/LON1/LON2/DLON/H
   69   66   65   65   69   73   76   77   74   71   68   68   70   73   74   74
   76   80   86   90   92   92   93   98  106  116  126  137  152  168  185  198
  209  220  229  236  240  242  244  241  237  232  229  230  234  240  244  245
  241  235  227  221  218  218  218  216  208  193  173  151  131  114  102   91
   83   77   73   72   73   74   73   72   69
     7.5-180.0 180.0   5.0 450.0                            LAT/LON1/LON2/DLON/H
   67   62   58   58   61   65   69   72   71   70   68   68   69   71   73   73
   75   79   85   90   94   96  100  107  117  128  137  148  161  175  189  201
  210  219  227  231  234  237  239  239  237  233  229  228  231  233  235  234
  229  221  213  207  206  205  206  204  196  181  160  139  120  105   94   86
   80   74   72   72   73   73   73   70   67
     5.0-180.0 180.0   5.0 450.0                            LAT/LON1/LON2/DLON/H
   63   57   52   50   52   56   61   64   66   66   66   67   68   70   71   71
   73   78   84   91   96  100  107  117  128  139  147  156  168  181  192  200
  207  213  219  221  223  227  232  235  235  233  229  225  225  226  226  223
  218  210  202  197  196  195  196  193  184  169  148  126  108   95   87   82
   77   73   70   70   72   73   72   68   63
     2.5-180.0 180.0   5.0 450.0                            LAT/LON1/LON2/DLON/H
   61   54   47   43   44   48   52   56   60   61   62   63   66   68   70   70
   72   76   83   91   98  104  113  124  137  147  156  163  172  183  191  195
  200  203  205  206  208  213  220  226  229  228  223  219  217  216  216  213
  208  200  193  189  187  187  186  182  172  155  135  114   98   88   81   78
   74   70   68   68   70   71   70   66   61
