test/data/igsg1570.18i
     1.0            IONOSPHERE MAPS     MIX                 IONEX VERSION / TYPE
cmpcmb v1.2          GRL/UWM            22-jun-18 17:59     PGM / RUN BY / DATE 
ionex file containing IGS COMBINED Ionosphere maps          COMMENT             
global ionosphere maps for day 157, 2018                    DESCRIPTION         
IONEX file containing the COMBINED IGS TEC MAPS and DCBs    DESCRIPTION         
      IONEX files of the following IAACs were combined: cod DESCRIPTION         
                                                        jpl DESCRIPTION         
Contact address: Andrzej Krankowski                         DESCRIPTION
                 Geodynamics Research Laboratory            DESCRIPTION
                 University of Warmia and Mazury (GRL/UWM)  DESCRIPTION
                 Oczapowski St. 1                           DESCRIPTION
                 10-957-Olsztyn, POLAND                     DESCRIPTION
                 e-mail:  kand@uwm.edu.pl                   DESCRIPTION
                                                            DESCRIPTION         
  2018     6     6     0     0     0                        EPOCH OF FIRST MAP  
  2018     6     7     0     0     0                        EPOCH OF LAST MAP   
  7200                                                      INTERVAL            
    13                                                      # OF MAPS IN FILE   
  COSZ                                                      MAPPING FUNCTION    
     0.0                                                    ELEVATION CUTOFF    
combined TEC calculated as weighted mean of input TEC valuesOBSERVABLES USED    
   343                                                      # OF STATIONS       
    32                                                      # OF SATELLITES     
  6371.0                                                    BASE RADIUS         
     2                                                      MAP DIMENSION       
   450.0 450.0   0.0                                        HGT1 / HGT2 / DHGT  
    87.5 -87.5  -2.5                                        LAT1 / LAT2 / DLAT  
  -180.0 180.0   5.0                                        LON1 / LON2 / DLON  
    -1                                                      EXPONENT            
TEC values in 0.1 tec units;  9999, if no value available   COMMENT             
DCB values in nanoseconds, reference is Sum_of_SatDCBs = 0  COMMENT             
                                                            END OF HEADER       
[from data line 1716]
     5                                                      START OF TEC MAP    
  2018     6     6     8     0     0                        EPOCH OF CURRENT MAP
    87.5-180.0 180.0   5.0 450.0                            LAT/LON1/LON2/DLON/H
   98   98   98   98   98   98   97   97   97   97   97   97   96   96   96   96
   96   95   95   95   95   95   94   94   94   94   94   94   94   94   94   94
   94   95   95   95   95   96   96   96   96   96   96   96   96   96   96   97
   97   97   97   97   97   97   97   97   96   96   96   96   97   97   97   97
   97   97   97   97   97   97   97   98   98
    85.0-180.0 180.0   5.0 450.0                            LAT/LON1/LON2/DLON/H
   98   98   99   99   99   99   98   98   98   97   97   96   96   95   95   94
   93   93   92   92   91   91   90   90   90   90   90   90   90   91   91   91
   92   92   93   93   94   95   95   95   96   96   96   96   97   97   97   97
   97   97   97   97   97   97   96   96   96   96   96   95   95   95   95   96
   96   96   97   97   97   98   98   98   98
    82.5-180.0 180.0   5.0 450.0                            LAT/LON1/LON2/DLON/H
   98   98   98   98   98   97   97   97   96   96   95   94   93   92   92   91
   90   89   88   87   86   86   85   85   84   84   84   84   85   86   86   87
   88   89   90   92   93   94   95   96   96   96   97   98   98   98   99   99
   99   98   98   98   98   97   97   96   96   95   95   94   94   94   94   94
   95   95   95   96   96   97   97   98   98
    80.0-180.0 180.0   5.0 450.0                            LAT/LON1/LON2/DLON/H
   95   96   95   95   95   94   94   93   93   92   92   91   90   89   88   87
   86   85   84   82   81   80   79   79   79   79   79   79   80   81   82   83
   85   86   88   90   92   93   95   96   97   98   99  100  100  101  101  101
  101  101  101  100  100   99   98   97   96   95   95   94   94   93   93   93
   93   93   94   94   94   95   95   95   95
    77.5-180.0 180.0   5.0 450.0                            LAT/LON1/LON2/DLON/H
   92   91   91   90   90   89   88   88   87   87   87   86   86   85   84   83
   82   81   80   79   78   76   75   74   74   74   74   74   75   76   77   79
   82   84   86   89   91   93   95   97   98  100  101  102  103  104  104  104
  104  105  104  103  102  101  101   99   98   96   95   94   93   93   92   92
   92   92   92   92   92   93   92   92   92
    75.0-180.0 180.0   5.0 450.0                            LAT/LON1/LON2/DLON/H
   88   87   86   85   83   83   82   81   81   81   81   81   81   81   81   80
   79   79   77   76   75   74   73   72   71   70   70   70   71   72   74   76
   79   82   85   88   91   94   96   98  100  102  103  105  106  106  107  108
  108  108  107  106  105  104  103  101   99   98   96   95   94   93   93   92
   92   91   91   91   91   90   90   89   88
    72.5-180.0 180.0   5.0 450.0                            LAT/LON1/LON2/DLON/H
   85   83   81   80   78   76   75   74   74   75   75   75   76   76   76   76
   77   76   76   75   74   73   72   70   69   68   68   67   68   69   71   73
   77   80   84   87   91   94   97   99  101  103  105  106  108  109  110  111
  111  111  110  109  108  106  104  102  100   98   97   96   94   93   93   92
   92   92   91   90   90   90   88   87   85
    70.0-180.0 180.0   5.0 450.0                            LAT/LON1/LON2/DLON/H
   85   82   79   76   74   71   70   69   68   68   69   69   70   71   72   73
   74   75   75   75   74   72   71   70   69   67   67   67   67   68   70   72
   76   80   84   88   92   95   97  100  102  104  106  108  110  111  112  113
  114  113  112  110  108  106  104  102  100   98   97   95   94   94   93   92
   92   92   92   91   91   90   89   87   85
    67.5-180.0 180.0   5.0 450.0                            LAT/LON1/LON2/DLON/H
   87   84   81   76   73   69   66   64   63   62   62   63   64   65   67   69
   70   71   72   72   72   71   70   69   68   67   67   67   68   68   70   72
   76   80   84   88   93   95   98  101  104  106  108  110  112  114  115  116
  116  115  112  110  108  105  102  100   98   96   95   94   93   93   93   92
   92   92   93   93   92   92   91   90   87
    65.0-180.0 180.0   5.0 450.0                            LAT/LON1/LON2/DLON/H
   91   88   85   80   76   71   66   63   60   59   58   58   58   60   62   63
   65   66   67   67   68   68   67   67   66   67   67   68   69   70   71   73
   77   81   85   89   94   97  100  103  105  108  110  113  115  117  118  118
  118  116  113  110  106  103  100   97   96   95   93   93   92   92   92   92
   93   93   94   95   95   95   95   93   91
    62.5-180.0 180.0   5.0 450.0                            LAT/LON1/LON2/DLON/H
   97   95   91   87   81   75   70   64   60   57   55   54   54   54   56   56
   58   59   60   61   61   62   62   63   65   65   67   69   71   72   73   76
   79   83   87   92   96  100  103  105  107  110  113  117  119  121  122  122
  120  116  113  109  104  101   98   96   94   93   92   92   92   91   92   92
   92   93   94   95   97   98   98   98   97
    60.0-180.0 180.0   5.0 450.0                            LAT/LON1/LON2/DLON/H
  103  102   99   95   90   83   76   69   62   57   53   51   50   49   49   50
   50   51   52   52   53   54   55   58   61   64   67   70   73   75   76   78
   82   85   90   94   99  102  105  108  111  114  117  121  125  127  127  126
  123  119  115  109  105  101   99   96   95   94   93   93   92   92   91   91
   92   93   94   96   98  100  102  103  103
    57.5-180.0 180.0   5.0 450.0                            LAT/LON1/LON2/DLON/H
  108  109  109  106  100   93   84   75   67   59   54   50   47   45   44   43
   43   43   43   44   45   46   48   52   56   61   67   72   75   78   80   81
   85   88   93   98  102  106  109  112  115  119  123  128  131  133  133  131
  128  123  118  113  109  106  103  101  100   99   97   96   95   93   92   91
   91   92   93   95   98  101  104  106  108
    55.0-180.0 180.0   5.0 450.0                            LAT/LON1/LON2/DLON/H
  113  115  117  116  112  105   94   83   73   63   56   50   46   43   40   38
   36   35   35   36   37   39   42   46   52   59   66   72   76   79   81   84
   87   91   96  101  105  109  113  116  119  124  129  134  137  140  139  137
  133  128  124  120  116  113  111  109  107  106  105  102   99   97   94   92
   91   91   92   94   97  101  104  109  113
    52.5-180.0 180.0   5.0 450.0                            LAT/LON1/LON2/DLON/H
  115  120  124  125  122  115  105   93   81   69   60   53   47   43   39   36
   33   31   30   31   33   35   39   44   50   58   66   73   77   80   83   85
   89   94   99  104  109  112  116  120  125  129  134  140  143  145  145  143
  139  135  131  128  126  124  122  120  117  115  113  109  105  101   98   95
   92   91   91   93   96  100  105  110  115
    50.0-180.0 180.0   5.0 450.0                            LAT/LON1/LON2/DLON/H
  116  122  128  131  130  125  115  103   89   76   65   57   51   45   40   36
   32   30   29   30   32   35   38   44   50   57   66   72   77   80   83   86
   90   96  102  106  111  116  120  125  130  135  140  145  149  151  151  148
  144  141  138  137  136  134  133  130  127  124  120  117  112  107  102   98
   95   93   93   95   98  101  105  110  116
    47.5-180.0 180.0   5.0 450.0                            LAT/LON1/LON2/DLON/H
  115  121  128  133  134  131  123  111   97   84   72   63   56   50   45   40
   35   32   31   32   35   38   41   46   51   59   66   73   77   80   83   87
   92   98  104  109  114  119  125  130  135  141  146  150  153  155  155  153
  149  147  145  145  144  142  141  137  133  130  126  121  117  113  108  104
  100   98   98   99  101  104  106  110  115
    45.0-180.0 180.0   5.0 450.0                            LAT/LON1/LON2/DLON/H
  115  119  125  131  134  133  128  118  104   91   79   70   64   58   53   47
   42   38   36   38   41   44   47   50   55   60   66   72   76   79   83   87
   94  101  108  113  117  123  129  136  142  146  151  154  157  159  159  157
  154  151  149  149  148  146  143  140  135  132  128  126  123  119  115  112
  109  107  107  108  109  110  111  111  115
    42.5-180.0 180.0   5.0 450.0                            LAT/LON1/LON2/DLON/H
  113  116  120  125  130  131  129  121  109   98   87   78   72   68   62   57
   50   46   44   46   49   51   53   55   58   62   66   71   75   79   83   89
   96  104  111  116  122  128  136  142  148  153  156  159  161  164  164  162
  158  155  152  150  149  146  142  138  134  131  130  129  128  126  125  122
  120  119  119  120  120  118  117  115  113
    40.0-180.0 180.0   5.0 450.0                            LAT/LON1/LON2/DLON/H
  115  113  114  118  123  126  126  121  112  102   93   86   81   77   72   66
   60   55   52   54   57   59   60   60   61   63   66   71   75   79   84   91
   99  108  115  122  127  134  142  150  156  159  162  164  166  168  169  167
  163  158  153  150  147  144  140  137  134  133  133  134  135  135  135  135
  134  135  136  136  135  131  126  120  115
    37.5-180.0 180.0   5.0 450.0                            LAT/LON1/LON2/DLON/H
  119  114  111  112  116  119  120  118  113  105   98   92   88   85   81   76
   69   63   60   60   62   64   64   63   62   62   65   69   73   79   85   93
  103  113  120  126  132  140  149  156  162  165  166  169  171  174  176  174
  169  163  157  152  148  145  143  141  140  140  142  145  147  148  149  150
  150  152  154  154  151  145  136  127  119
    35.0-180.0 180.0   5.0 450.0                            LAT/LON1/LON2/DLON/H
  126  117  113  110  111  112  114  113  111  106  101   97   94   91   88   83
   76   69   66   65   66   66   66   63   61   60   62   66   72   79   86   96
  107  117  125  131  137  146  155  162  166  169  170  172  176  180  183  183
  178  172  166  161  156  155  154  155  156  158  160  164  165  166  166  167
  167  169  171  171  168  159  149  137  126
    32.5-180.0 180.0   5.0 450.0                            LAT/LON1/LON2/DLON/H
  135  125  117  112  109  107  107  107  107  105  102   99   97   95   92   87
   80   74   69   67   66   65   63   60   58   56   57   61   69   78   88  100
  111  121  130  135  141  149  158  165  169  171  173  176  181  187  191  193
  191  187  182  178  176  177  179  182  185  188  190  192  190  188  185  184
  184  185  187  186  182  173  160  147  135
    30.0-180.0 180.0   5.0 450.0                            LAT/LON1/LON2/DLON/H
  145  135  127  119  111  105  102  102  102  103  102  101   99   97   95   90
   84   77   71   67   64   61   58   55   52   49   51   56   65   76   88  102
  114  125  132  138  143  151  159  166  169  172  174  179  185  193  200  204
  205  204  204  204  206  211  216  220  225  227  228  226  220  212  205  201
  199  199  199  199  194  183  170  156  145
    27.5-180.0 180.0   5.0 450.0                            LAT/LON1/LON2/DLON/H
  154  146  137  128  116  106   99   97   98   99  100  100   99   98   96   91
   86   79   72   67   62   57   52   49   45   43   45   50   60   73   89  103
  117  127  134  139  144  150  158  164  168  171  175  181  189  199  208  215
  221  226  231  235  241  248  256  262  266  267  266  260  250  236  224  217
  212  209  208  206  200  190  177  165  154
    25.0-180.0 180.0   5.0 450.0                            LAT/LON1/LON2/DLON/H
  161  154  148  137  124  109   98   94   94   96   98   99   98   97   96   92
   87   80   73   66   59   52   47   43   40   38   39   45   56   71   88  105
  118  128  135  139  143  149  157  163  168  172  177  184  193  204  215  226
  235  246  255  263  272  282  291  298  301  300  297  288  273  255  240  230
  223  218  215  212  205  194  181  169  161
    22.5-180.0 180.0   5.0 450.0                            LAT/LON1/LON2/DLON/H
  165  160  156  147  132  114  100   94   93   95   97   97   97   96   95   92
   87   81   74   67   58   50   44   40   37   35   35   41   53   69   88  105
  118  128  134  137  142  148  155  162  168  174  180  188  197  208  220  233
  246  260  273  283  293  303  312  318  319  318  313  303  286  267  251  239
  231  225  221  216  208  196  182  172  165
    20.0-180.0 180.0   5.0 450.0                            LAT/LON1/LON2/DLON/H
  165  163  160  153  138  120  105   97   95   96   97   97   96   95   94   92
   88   82   76   68   59   50   44   40   37   35   35   40   50   67   87  104
  118  127  133  137  141  147  154  163  171  178  185  193  203  213  225  238
  251  266  278  288  297  306  314  319  319  317  311  301  286  268  254  245
  238  232  226  220  211  197  183  171  165
    17.5-180.0 180.0   5.0 450.0                            LAT/LON1/LON2/DLON/H
  163  161  160  155  143  124  110  101   98   98   98   97   95   94   93   91
   88   83   77   70   61   52   45   41   39   36   36   40   50   66   86  103
  117  126  131  135  140  146  155  165  175  184  193  200  209  218  228  240
  252  263  272  279  286  292  298  302  302  300  296  288  275  262  252  247
  243  238  233  226  215  200  183  170  163
    15.0-180.0 180.0   5.0 450.0                            LAT/LON1/LON2/DLON/H
  158  155  155  152  142  127  114  106  103  102  100   97   95   93   92   91
   87   84   79   72   63   54   48   44   41   39   39   41   49   65   84  102
  116  124  130  134  139  147  157  168  180  191  200  208  216  224  231  239
  247  254  259  262  265  270  274  277  277  276  274  269  260  252  247  247
  246  243  239  232  221  203  183  167  158
    12.5-180.0 180.0   5.0 450.0                            LAT/LON1/LON2/DLON/H
  152  147  146  143  135  124  114  109  107  105  102   99   95   94   92   91
   87   84   79   73   65   57   51   48   45   43   41   42   50   64   82  100
  113  123  129  133  139  147  158  171  184  197  207  217  224  229  234  239
  243  244  245  246  247  249  251  252  254  254  254  251  245  241  241  245
  247  246  243  237  225  207  184  165  152
    10.0-180.0 180.0   5.0 450.0                            LAT/LON1/LON2/DLON/H
  145  136  132  129  123  116  110  108  107  106  103   99   95   94   92   91
   88   84   80   75   67   59   54   50   47   45   43   43   49   62   80   97
  110  121  128  132  137  146  158  172  186  200  213  223  230  233  237  240
  240  238  237  237  239  239  239  239  240  242  243  241  237  234  236  241
  245  245  243  239  227  208  184  162  145
     7.5-180.0 180.0   5.0 450.0                            LAT/LON1/LON2/DLON/H
  137  124  117  112  108  103  102  103  104  103  100   97   94   93   93   92
   89   86   81   75   68   61   56   51   49   46   43   42   47   59   76   93
  107  118  125  130  136  144  156  170  184  199  213  225  232  236  240  242
  241  240  240  243  246  246  242  238  239  243  244  241  235  231  232  237
  240  240  239  235  225  206  181  157  137
     5.0-180.0 180.0   5.0 450.0                            LAT/LON1/LON2/DLON/H
  129  113  102   95   91   89   90   93   96   96   94   93   92   91   92   92
   89   86   81   76   69   62   57   52   49   45   42   41   45   56   71   88
  103  115  122  127  133  141  152  164  178  193  208  221  230  236  241  245
  246  249  253  261  267  264  256  249  250  253  253  247  238  231  228  230
  231  231  229  225  216  200  176  152  129
     2.5-180.0 180.0   5.0 450.0                            LAT/LON1/LON2/DLON/H
  122  103   90   81   76   75   77   82   86   87   86   85   86   87   89   90
   89   86   81   75   68   62   57   53   48   44   40   38   42   52   67   83
   98  110  119  123  129  136  146  157  169  182  197  210  221  230  238  246
  252  259  270  283  291  288  275  265  265  267  265  255  241  229  222  220
  219  217  214  211  204  189  168  145  122
